 call_month | total_calls | claims | benefits | billing | enrollment | pharmacy | prior_auth 
------------+-------------+--------+----------+---------+------------+----------+------------
 2024-01    |         107 |     31 |       17 |      16 |         15 |       15 |         13
 2024-02    |          93 |     29 |       14 |      14 |         13 |       13 |         10
 2024-03    |          61 |     20 |        9 |       9 |          8 |        8 |          7
 2024-04    |          60 |     21 |        9 |       9 |          8 |        7 |          6
 2024-05    |          62 |     19 |        9 |       9 |          9 |        8 |          8
 2024-06    |         112 |     38 |       16 |      16 |         15 |       14 |         13
(6 rows)

